========== FINAL (EUCLIDEAN) ==========
classes: ['cardboard', 'glass', 'metal', 'paper', 'plastic', 'trash']
overall acc: 0.3865
confusion:
[[284 102  75 154 161  30]
 [ 81 400 166 149 163  43]
 [ 76 185 277 143 108  29]
 [139 199 112 539 176  23]
 [136 153  98 174 378  25]
 [ 46  44  40  31  36  73]]
              precision    recall  f1-score   support

           0      0.373     0.352     0.362       806
           1      0.369     0.399     0.384      1002
           2      0.361     0.339     0.349       818
           3      0.453     0.454     0.453      1188
           4      0.370     0.392     0.381       964
           5      0.327     0.270     0.296       270

    accuracy                          0.386      5048
   macro avg      0.375     0.368     0.371      5048
weighted avg      0.386     0.386     0.386      5048

========== FINAL (MAHALANOBIS) ==========
overall acc: 0.4101
confusion:
[[296  87  69 166 158  30]
 [ 81 421 172 142 153  33]
 [ 65 185 282 115 130  41]
 [118 185 120 593 152  20]
 [144 148 103 147 399  23]
 [ 39  36  41  39  36  79]]
              precision    recall  f1-score   support

           0      0.398     0.367     0.382       806
           1      0.396     0.420     0.408      1002
           2      0.358     0.345     0.351       818
           3      0.493     0.499     0.496      1188
           4      0.388     0.414     0.401       964
           5      0.350     0.293     0.319       270

    accuracy                          0.410      5048
   macro avg      0.397     0.390     0.393      5048
weighted avg      0.409     0.410     0.409      5048
