========== FINAL (EUCLIDEAN) ==========
classes: ['cardboard', 'glass', 'metal', 'paper', 'plastic', 'trash']
overall acc: 0.3150
confusion:
[[147  57  65 121 119  11]
 [ 45 101  43 139  99   8]
 [ 50  56 104 116  85  16]
 [ 95 129  85 390 161  17]
 [ 88  93  58 198 219  16]
 [ 12  30  21  48  26   8]]
              precision    recall  f1-score   support

           0      0.336     0.283     0.307       520
           1      0.217     0.232     0.224       435
           2      0.277     0.244     0.259       427
           3      0.385     0.445     0.413       877
           4      0.309     0.326     0.317       672
           5      0.105     0.055     0.072       145

    accuracy                          0.315      3076
   macro avg      0.272     0.264     0.265      3076
weighted avg      0.308     0.315     0.310      3076

========== FINAL (MAHALANOBIS) ==========
overall acc: 0.3160
confusion:
[[146  58  55 152  97  12]
 [ 39 119  47 139  79  12]
 [ 47  59 106 112  87  16]
 [ 79 124  90 385 169  30]
 [ 76 110  74 193 207  12]
 [ 16  25  22  45  28   9]]
              precision    recall  f1-score   support

           0      0.362     0.281     0.316       520
           1      0.240     0.274     0.256       435
           2      0.269     0.248     0.258       427
           3      0.375     0.439     0.405       877
           4      0.310     0.308     0.309       672
           5      0.099     0.062     0.076       145

    accuracy                          0.316      3076
   macro avg      0.276     0.269     0.270      3076
weighted avg      0.312     0.316     0.312      3076
